0,529
0,526
0,525
451,35
0,524
512,3
512,2
512,1
512,0
511,3
511,2
511,1
511,0
510,3
510,2
510,1
510,0
509,3
509,2
509,1
509,0
508,3
508,2
508,1
508,0
507,3
507,2
507,1
507,0
506,4
506,3
506,2
506,1
506,0
505,3
505,2
505,1
505,0
14,22
504,4
504,3
504,2
504,1
504,0
14,21
503,3
503,2
503,1
503,0
14,20
502,4
502,3
502,2
502,1
502,0
501,4
501,3
501,2
0,550
501,1
501,0
500,4
500,3
500,2
500,1
500,0
499,3
499,2
499,1
499,0
14,19
14,18
498,4
498,3
498,2
498,1
498,0
497,3
497,2
497,1
497,0
14,17
14,16
496,3
496,2
496,1
496,0
14,15
14,14
495,3
495,2
495,1
495,0
14,13
494,5
494,4
494,3
494,2
494,1
494,0
493,4
493,3
493,2
493,1
493,0
492,3
492,2
492,1
492,0
491,3
491,2
491,1
491,0
490,6
490,5
490,4
490,3
490,2
490,1
490,0
489,4
489,3
489,2
489,1
489,0
488,5
488,4
488,3
488,2
488,1
488,0
487,4
487,3
487,2
487,1
487,0
486,3
486,2
486,1
486,0
485,3
485,2
485,1
485,0
484,4
484,3
484,2
484,1
484,0
483,4
0,523
0,521
483,3
483,2
483,1
483,0
482,3
482,2
482,1
482,0
481,4
481,3
481,2
481,1
481,0
480,4
480,3
480,2
480,1
480,0
479,3
479,2
479,1
479,0
478,3
478,2
478,1
478,0
477,4
477,3
477,2
477,1
477,0
476,5
476,4
476,3
476,2
476,1
476,0
475,4
475,3
475,2
475,1
475,0
474,4
474,3
474,2
474,1
474,0
473,4
473,3
473,2
473,1
473,0
472,3
472,2
472,1
472,0
14,12
471,5
471,4
471,3
471,2
471,1
471,0
470,5
470,4
470,3
470,2
470,1
470,0
469,4
469,3
469,2
469,1
469,0
468,4
468,3
468,2
468,1
468,0
467,6
467,5
467,4
467,3
467,2
467,1
467,0
466,3
466,2
466,1
466,0
465,3
465,2
465,1
465,0
464,5
464,4
464,3
